7.771357						-72.226147
-33.044522						-61.165021
10.474245						-73.243633
18.202454						-66.052301
-12.882057						-38.31482
10.391049						-75.479426
-24.043655						-52.37811
18.971187						-72.285215
-1.364272						-48.374721
-13.342554						-44.635723
-23.532881						-46.792003
16.751601						-93.102994
2.82351						-60.675833
21.280177						-88.928846
-31.765399						-52.337589
-23.523962						-46.841124
18.805051						-99.203902
20.305158						-103.184602
19.556228						-99.267471
18.433005						-66.475858
-24.027401						-52.004841
19.106273						-96.10632
-19.394665						-40.065264
21.351062						-98.226766
-5.381136						-49.133102
-23.454315						-46.533652
-19.860014						-44.607532
10.073946						-84.314757
9.990692						-84.667374
-34.52812						-58.473816
-23.116521						-50.184636
22.247504						-97.848122
-34.455906						-58.908329
13.586081						-89.291847
-19.509787						-41.016559
19.601841						-99.050674
-20.145126						-44.891645
-8.361506						-35.763074
-20.085901						-45.29571
-23.668163						-46.461709
-26.894792						-48.655069
18.895487						-99.173294
22.522283						-98.791351
-28.388533						-53.920485
-30.757275						-57.991619
-24.107525						-46.680192
16.853109						-99.823653
-19.688806						-43.924312
20.061513						-97.054526
-34.163335						-58.959264
-22.737846						-47.333569
-22.863619						-42.333631
10.77525						-74.71955
-20.082278						-44.580531
-3.198666						-52.210401
-23.304452						-51.169582
-19.7884						-43.940234
20.330737						-102.044385
-19.581568						-42.647531
-13.606387						-42.940066
-6.186815						-35.091864
-20.930669						-54.969721
-33.047238						-71.612688
-27.151724						-48.491222
11.538415						-72.916784
13.846237						-88.305706
-24.627921						-54.226207
19.642061						-98.910737
19.360533						-99.226707
-54.801912						-68.302951
22.407746						-97.921155
-22.422971						-45.460251
-30.877285						-55.53923
-18.247454						-43.601213
-7.51203						-35.316864
-19.624417						-43.231636
-20.737112						-48.911061
-22.525473						-43.73121
20.045819						-98.721176
-29.828834						-51.144172
-34.873067						-57.883717
-15.646248						-56.132713
-23.498181						-46.626331
-8.379287						-74.544864
-29.687306						-53.815477
-1.676788						-78.645378
10.480594						-66.903606
20.527059						-97.462912
-23.020456						-45.556355
-45.865615						-67.482243
18.812605						-98.954826
-27.870682						-54.480156
-22.765015						-47.150027
-20.360797						-40.65981
10.067772						-69.347351
-34.470829						-58.52861
-24.185786						-65.299477
-22.048956						-42.676556
-29.947723						-51.102117
-3.728144						-38.661921
-34.442976						-59.447247
-22.710668						-43.552226
7.119349						-73.122742
-28.358643						-49.28824
-6.832479						-79.929616
-32.913867						-68.850044
-26.825137						-49.26952
-27.216093						-49.643502
-18.012787						-49.366608
-27.23395						-52.026467
-31.136896						-64.296433
-11.860846						-55.509545
-6.943107						-38.967505
-22.6651						-45.011658
20.652303						-87.069627
-22.94553						-47.312632
-3.730023						-40.992651
-2.905545						-41.773363
35.869449						-75.575157
-26.957609						-49.374835
-11.624436						-46.820207
-21.992932						-49.454704
36.172195						-115.362572
-20.817346						-49.521071
18.176588						-67.149327
16.184284						-95.208762
-21.541532						-42.183559
-19.518975						-42.628254
-34.790552						-54.92077
19.263763						-103.74609
-34.560506						-58.56581
-2.550385						-44.070196
10.62674						-85.443671
-26.732479						-65.267029
-12.097183						-77.032585
-33.496202						-70.628336
-23.099696						-45.708082
-16.65216						-49.493117
-28.227627						-48.669129
-34.796581						-58.276012
18.933033						-70.408481
18.652712						-91.807514
-31.36285						-51.981768
-35.659324						-63.757789
-0.953769						-90.965602
-10.947247						-37.073082
17.840917						-92.618927
17.647424						-101.54555
19.543775						-96.910181
16.265						-61.551
18.142594						-94.143603
12.16957						-68.99002
3.800889						-76.641271
-34.864823						-57.908519
5.467414						-74.652693
19.463084						-99.245302
-19.198995						-46.236003
-12.111062						-77.031591
18.174799						-93.070142
9.35645						-70.43724
19.27248						-99.461553
18.429661						-68.675255
-8.875221						-36.366189
-22.75308						-43.715901
19.830125						-90.534909
21.098173						-89.279976
-33.441127						-70.534059
10.25093						-66.42715
-23.516986						-51.687206
-29.223187						-51.342362
-15.622055						-40.264832
-23.68184						-46.620967
-23.298783						-45.966254
-43.299858						-65.099487
-22.641						-47.049141
18.981509						-104.092218
-29.761912						-57.085843
-38.554497						-58.739609
-18.436188						-49.185198
10.691803						-61.222503
-34.833987						-58.64707
-23.549265						-46.933196
17.060816						-61.796428
19.253737						-103.379602
-21.12914						-42.370225
-7.229075						-35.880834
-12.027121						-77.036238
21.412102						-103.117544
-28.936119						-49.492301
10.218625						-67.326501
-34.479014						-54.3353
19.362165						-99.346499
8.614427						-71.655469
-17.31577						-53.218604
-36.606262						-72.102335
38.174933						-86.718687
-34.720634						-58.254605
-22.970293						-46.997815
-25.099425						-50.158322
-3.743673						-73.251633
-24.706975						-47.557453
-8.809846						-63.69655
20.738604						-99.381184
21.125008						-101.68596
-19.942234						-44.041335
-23.540286						-47.444598
10.654451						-71.714795
-33.02552						-60.633761
19.113809						-104.338462
-32.224933						-58.144714
-33.43783						-70.650449
19.430607						-99.09499
-26.249903						-49.518067
10.61354						-66.849888
-15.793595						-47.882521
-29.754994						-51.150283
-17.217456						-46.872306
10.126545						-71.245844
-25.445267						-54.401319
-12.143727						-77.019023
